1 0
1 0
1 0
10 1
10 1
10 1
10 1
10 1
10 1
10 1
100 19
100 19
100 19
100 19
100 19
100 19
101 24
101 24
101 24
101 24
101 24
101 24
102 23
103 23
103 23
104 24
104 24
104 24
105 20
105 20
106 25
106 25
107 24
107 24
107 24
107 24
107 24
107 24
107 24
107 24
107 24
107 24
107 24
107 24
108 24
108 24
108 24
109 25
109 25
109 25
109 25
109 25
109 25
109 25
109 25
109 25
11 6
11 6
11 6
11 6
11 6
11 6
11 6
110 21
110 21
110 21
111 26
111 26
111 26
111 26
111 26
111 26
112 25
112 25
112 25
113 25
114 26
114 26
114 26
114 26
114 26
114 26
115 22
115 22
115 22
115 22
115 22
116 27
116 27
116 27
116 27
117 26
117 26
117 26
117 26
117 26
117 26
118 26
118 26
118 26
118 26
12 5
12 5
12 5
12 5
12 5
12 5
12 5
120 23
120 23
120 23
120 23
120 23
121 28
121 28
121 28
122 27
122 27
122 27
122 27
122 27
123 27
123 27
123 27
123 27
123 27
123 27
123 27
124 28
124 28
124 28
124 28
124 28
124 28
124 28
124 28
124 28
125 24
125 24
125 24
125 24
125 24
126 29
126 29
126 29
126 29
126 29
127 28
127 28
127 28
127 28
127 28
127 28
127 28
127 28
127 28
127 28
128 28
128 28
128 28
128 28
128 28
128 28
128 28
129 29
129 29
129 29
129 29
13 5
13 5
13 5
130 25
130 25
130 25
130 25
130 25
131 30
131 30
131 30
131 30
131 30
131 30
131 30
131 30
131 30
131 30
132 29
132 29
132 29
132 29
133 29
133 29
133 29
134 30
134 30
134 30
134 30
134 30
134 30
134 30
135 26
135 26
135 26
135 26
135 26
136 31
136 31
136 31
136 31
137 30
137 30
137 30
137 30
138 30
138 30
138 30
138 30
139 31
139 31
139 31
139 31
139 31
139 31
14 6
14 6
14 6
14 6
14 6
140 27
140 27
140 27
140 27
140 27
140 27
141 32
141 32
141 32
141 32
141 32
142 31
142 31
142 31
142 31
142 31
142 31
142 31
142 31
143 31
143 31
143 31
143 31
144 32
144 32
145 28
145 28
145 28
145 28
146 33
146 33
146 33
146 33
146 33
146 33
147 32
147 32
147 32
147 32
147 32
148 32
148 32
148 32
149 33
149 33
149 33
149 33
149 33
149 33
149 33
149 33
149 33
149 33
15 2
15 2
15 2
150 29
150 29
150 29
150 29
150 29
151 34
151 34
151 34
151 34
151 34
151 34
152 33
152 33
152 33
153 33
153 33
153 33
153 33
153 33
153 33
154 34
154 34
154 34
154 34
154 34
154 34
154 34
154 34
154 34
154 34
155 30
155 30
155 30
155 30
155 30
155 30
156 35
156 35
156 35
156 35
157 34
157 34
157 34
157 34
157 34
157 34
157 34
157 34
157 34
157 34
158 34
158 34
158 34
158 34
158 34
159 35
159 35
159 35
159 35
159 35
159 35
159 35
16 7
16 7
16 7
16 7
160 31
160 31
160 31
160 31
160 31
161 36
161 36
161 36
161 36
161 36
162 35
162 35
162 35
163 35
163 35
163 35
163 35
163 35
164 36
164 36
164 36
165 32
165 32
165 32
165 32
165 32
166 37
166 37
166 37
166 37
166 37
167 36
167 36
167 36
168 36
168 36
168 36
168 36
168 36
168 36
169 37
169 37
169 37
169 37
169 37
17 6
17 6
17 6
17 6
17 6
17 6
17 6
17 6
170 33
170 33
170 33
170 33
171 38
171 38
171 38
171 38
171 38
171 38
171 38
172 37
172 37
172 37
172 37
172 37
172 37
172 37
172 37
173 37
173 37
173 37
173 37
173 37
174 38
174 38
174 38
174 38
174 38
175 34
176 39
176 39
176 39
176 39
177 38
177 38
177 38
177 38
177 38
177 38
178 38
179 39
179 39
179 39
179 39
179 39
179 39
179 39
18 6
18 6
18 6
18 6
18 6
18 6
18 6
18 6
180 35
180 35
181 40
181 40
181 40
181 40
181 40
181 40
181 40
182 39
182 39
183 39
183 39
183 39
183 39
183 39
183 39
183 39
184 40
184 40
184 40
184 40
185 36
185 36
185 36
185 36
186 41
186 41
186 41
186 41
186 41
186 41
186 41
186 41
187 40
187 40
187 40
187 40
187 40
187 40
187 40
188 40
188 40
189 41
189 41
189 41
189 41
189 41
189 41
189 41
189 41
19 7
19 7
19 7
19 7
19 7
19 7
190 37
190 37
190 37
190 37
190 37
190 37
190 37
190 37
190 37
190 37
191 42
191 42
191 42
191 42
191 42
191 42
192 41
192 41
192 41
192 41
192 41
192 41
192 41
193 41
193 41
193 41
193 41
193 41
193 41
193 41
194 42
194 42
194 42
195 38
195 38
195 38
195 38
195 38
196 43
196 43
196 43
196 43
196 43
196 43
196 43
196 43
197 42
197 42
197 42
197 42
197 42
198 42
198 42
198 42
198 42
199 43
199 43
199 43
199 43
2 0
2 0
2 0
2 0
2 0
2 0
2 0
20 3
200 39
200 39
200 39
200 39
201 44
201 44
201 44
202 43
202 43
202 43
202 43
202 43
202 43
202 43
202 43
203 43
203 43
203 43
204 44
204 44
204 44
204 44
204 44
205 40
205 40
205 40
205 40
205 40
205 40
205 40
205 40
205 40
206 45
206 45
206 45
207 44
207 44
207 44
207 44
207 44
208 44
209 45
209 45
209 45
21 8
21 8
21 8
21 8
21 8
21 8
21 8
21 8
210 41
210 41
210 41
210 41
210 41
210 41
211 46
211 46
211 46
211 46
211 46
211 46
211 46
212 45
212 45
212 45
213 45
213 45
213 45
213 45
213 45
214 46
214 46
215 42
215 42
215 42
215 42
215 42
215 42
215 42
215 42
215 42
216 47
216 47
216 47
216 47
216 47
216 47
216 47
216 47
216 47
217 46
217 46
217 46
218 46
218 46
218 46
218 46
218 46
218 46
219 47
219 47
219 47
22 7
22 7
22 7
22 7
22 7
22 7
220 43
220 43
220 43
220 43
220 43
220 43
221 48
221 48
221 48
221 48
222 47
222 47
222 47
222 47
223 47
223 47
223 47
223 47
223 47
223 47
224 48
224 48
224 48
224 48
225 44
225 44
225 44
225 44
225 44
226 49
226 49
226 49
226 49
226 49
226 49
226 49
227 48
227 48
227 48
227 48
227 48
227 48
228 48
228 48
228 48
228 48
228 48
228 48
228 48
229 49
229 49
229 49
229 49
229 49
23 7
23 7
23 7
23 7
23 7
23 7
23 7
230 45
230 45
230 45
231 50
231 50
231 50
231 50
231 50
232 49
232 49
232 49
232 49
233 49
234 50
234 50
234 50
234 50
234 50
235 46
235 46
235 46
235 46
235 46
235 46
236 51
236 51
236 51
236 51
236 51
237 50
237 50
237 50
238 50
238 50
238 50
238 50
238 50
238 50
239 51
24 8
240 47
240 47
240 47
241 52
241 52
241 52
241 52
241 52
242 51
242 51
242 51
242 51
242 51
243 51
243 51
244 52
244 52
244 52
244 52
244 52
245 48
245 48
245 48
245 48
246 53
246 53
246 53
246 53
247 52
247 52
247 52
247 52
247 52
248 52
249 53
249 53
249 53
249 53
249 53
25 4
25 4
250 49
250 49
250 49
250 49
250 49
250 49
250 49
251 54
251 54
251 54
251 54
252 53
253 53
253 53
253 53
253 53
253 53
254 54
254 54
254 54
254 54
254 54
254 54
254 54
255 50
255 50
255 50
255 50
255 50
255 50
255 50
256 55
256 55
256 55
257 54
257 54
257 54
257 54
257 54
257 54
257 54
257 54
258 54
258 54
258 54
258 54
258 54
259 55
259 55
259 55
259 55
259 55
259 55
259 55
259 55
26 9
26 9
26 9
26 9
26 9
260 51
260 51
260 51
260 51
260 51
260 51
260 51
260 51
260 51
260 51
261 56
261 56
262 55
262 55
262 55
263 55
263 55
263 55
263 55
263 55
263 55
264 56
264 56
264 56
264 56
264 56
264 56
265 52
265 52
265 52
266 57
266 57
267 56
267 56
267 56
267 56
267 56
268 56
268 56
269 57
269 57
269 57
269 57
269 57
269 57
269 57
27 8
27 8
27 8
27 8
27 8
27 8
27 8
270 53
270 53
270 53
270 53
270 53
270 53
270 53
271 58
271 58
271 58
271 58
271 58
272 57
272 57
272 57
272 57
273 57
274 58
275 54
275 54
275 54
275 54
276 59
276 59
276 59
276 59
277 58
277 58
277 58
277 58
278 58
278 58
278 58
279 59
279 59
279 59
279 59
279 59
279 59
28 8
280 55
280 55
280 55
280 55
280 55
280 55
280 55
281 60
281 60
281 60
281 60
