10 24
20 58
30 94
40 134
50 179
60 209
70 250
80 295
90 345
100 388
110 416
120 460
130 496
140 557
150 615
160 650
170 704
180 759
190 800
200 852
210 897
220 938
230 985
240 1023
250 1054
260 1097
270 1171
280 1226
290 1292
300 1348
310 1405
320 1442
330 1511
340 1567
350 1617
360 1677
370 1719
380 1764
390 1814
400 1867
410 1931
420 1972
430 2027
440 2065
450 2107
460 2156
470 2199
480 2242
490 2290
500 2320
510 2356
520 2422
530 2501
540 2578
550 2639
560 2713
570 2772
580 2838
590 2897
600 2968
610 3025
620 3088
630 3139
640 3185
650 3264
660 3331
670 3382
680 3445
690 3503
700 3544
710 3612
720 3678
730 3740
740 3781
750 3821
760 3874
770 3918
780 3985
790 4051
800 4111
810 4176
820 4226
830 4283
840 4338
850 4398
860 4449
870 4502
880 4551
890 4582
900 4631
910 4704
920 4752
930 4798
940 4856
950 4895
960 4934
970 4995
980 5040
990 5085
