2
50
178
382
664
1025
1479
2000
2587
3250
4009
4851
5752
6740
7781
9162
10125
11769
12796
14642
15764
17931
19090
21438
22663
25252
26649
29423
30800
33950
35347
38776
40175
43932
45384
49437
50919
55157
56743
61247
62741
67692
76370
82039
75805
81556
82970
88808
106394
105112
97996
104739
105964
112916
114142
121598
122708
132237
131799
139879
140968
149392
150479
159309
164972
179337
170520
196651
184950
194118
193484
218501
205834
214947
226968
226004
225843
252545
238192
250549
250400
263676
266961
279466
276218
293955
293528
306597
305626
321180
322017
337511
337066
351106
357464
367577
366242
377391
375334
393068
