0 0
100 1
200 1
300 1
400 1
500 1
600 1
700 1
800 1
900 1
1000 1
1100 1
1200 1
1300 1
1400 1
1500 1
1600 1
1700 1
1800 1
1900 1
2000 1
2100 1
2200 1
2300 1
2400 1
2500 1
2600 1
2700 1
2800 1
2900 1
3000 1
3100 1
3200 1
3300 1
3400 1
3500 1
3600 1
3700 1
3800 1
3900 1
4000 1
4100 1
4200 1
4300 1
4400 1
4500 1
4600 1
4700 1
4800 1
4900 1
5000 1
5100 1
5200 1
5300 1
5400 1
5500 1
5600 1
5700 1
5800 1
5900 1
6000 1
6100 1
6200 1
6300 1
6400 1
6500 1
6600 1
6700 1
6800 1
6900 1
7000 1
7100 1
7200 1
7300 1
7400 1
7500 1
7600 1
7700 1
7800 1
7900 1
8000 1
8100 1
8200 1
8300 1
8400 1
8500 1
8600 1
8700 1
8800 1
8900 1
9000 1
9100 1
9200 1
9300 1
9400 1
9500 1
9600 1
9700 1
9800 1
9900 1
0 0
100 4950
200 19900
300 44850
400 79800
500 124750
600 179700
700 244650
800 319600
900 404550
1000 499500
1100 604450
1200 719400
1300 844350
1400 979300
1500 1124250
1600 1279200
1700 1444150
1800 1619100
1900 1804050
2000 1999000
2100 2203950
2200 2418900
2300 2643850
2400 2878800
2500 3123750
2600 3378700
2700 3643650
2800 3918600
2900 4203550
3000 4498500
3100 4803450
3200 5118400
3300 5443350
3400 5778300
3500 6123250
3600 6478200
3700 6843150
3800 7218100
3900 7603050
4000 7998000
4100 8402950
4200 8817900
4300 9242850
4400 9677800
4500 10122750
4600 10577700
4700 11042650
4800 11517600
4900 12002550
5000 12497500
5100 13002450
5200 13517400
5300 14042350
5400 14577300
5500 15122250
5600 15677200
5700 16242150
5800 16817100
5900 17402050
6000 17997000
6100 18601950
6200 19216900
6300 19841850
6400 20476800
6500 21121750
6600 21776700
6700 22441650
6800 23116600
6900 23801550
7000 24496500
7100 25201450
7200 25916400
7300 26641350
7400 27376300
7500 28121250
7600 28876200
7700 29641150
7800 30416100
7900 31201050
8000 31996000
8100 32800950
8200 33615900
8300 34440850
8400 35275800
8500 36120750
8600 36975700
8700 37840650
8800 38715600
8900 39600550
9000 40495500
9100 41400450
9200 42315400
9300 43240350
9400 44175300
9500 45120250
9600 46075200
9700 47040150
9800 48015100
9900 49000050
0 0
100 4950
200 19900
300 44850
400 79800
500 124750
600 179700
700 244650
800 319600
900 404550
1000 499500
1100 604450
1200 719400
1300 844350
1400 979300
1500 1124250
1600 1279200
1700 1444150
1800 1619100
1900 1804050
2000 1999000
2100 2203950
2200 2418900
2300 2643850
2400 2878800
2500 3123750
2600 3378700
2700 3643650
2800 3918600
2900 4203550
3000 4498500
3100 4803450
3200 5118400
3300 5443350
3400 5778300
3500 6123250
3600 6478200
3700 6843150
3800 7218100
3900 7603050
4000 7998000
4100 8402950
4200 8817900
4300 9242850
4400 9677800
4500 10122750
4600 10577700
4700 11042650
4800 11517600
4900 12002550
5000 12497500
5100 13002450
5200 13517400
5300 14042350
5400 14577300
5500 15122250
5600 15677200
5700 16242150
5800 16817100
5900 17402050
6000 17997000
6100 18601950
6200 19216900
6300 19841850
6400 20476800
6500 21121750
6600 21776700
6700 22441650
6800 23116600
6900 23801550
7000 24496500
7100 25201450
7200 25916400
7300 26641350
7400 27376300
7500 28121250
7600 28876200
7700 29641150
7800 30416100
7900 31201050
8000 31996000
8100 32800950
8200 33615900
8300 34440850
8400 35275800
8500 36120750
8600 36975700
8700 37840650
8800 38715600
8900 39600550
9000 40495500
9100 41400450
9200 42315400
9300 43240350
9400 44175300
9500 45120250
9600 46075200
9700 47040150
9800 48015100
9900 49000050
0 0
100 888
200 979
300 1379
400 1779
500 2179
600 1141
700 1241
800 1341
900 1441
1000 1541
1100 1641
1200 1130
1300 1130
1400 1130
1500 1130
1600 1130
1700 1130
1800 1130
1900 1130
2000 1130
2100 1130
2200 1130
2300 1130
2400 1130
2500 1130
2600 1130
2700 1130
2800 1130
2900 1130
3000 1130
3100 1130
3200 1130
3300 1130
3400 1130
3500 1130
3600 1130
3700 1130
3800 1130
3900 1130
4000 1130
4100 1130
4200 1130
4300 1130
4400 1130
4500 1130
4600 1130
4700 1130
4800 1130
4900 1130
5000 1130
5100 1130
5200 1130
5300 1130
5400 1130
5500 1130
5600 1130
5700 1130
5800 1130
5900 1130
6000 1130
6100 1130
6200 1130
6300 1130
6400 1130
6500 1130
6600 1130
6700 1130
6800 1130
6900 1130
7000 1130
7100 1130
7200 1130
7300 1130
7400 1130
7500 1130
7600 1130
7700 1130
7800 1130
7900 1130
8000 1130
8100 1130
8200 1130
8300 1130
8400 1130
8500 1130
8600 1130
8700 1130
8800 1130
8900 1130
9000 1130
9100 1130
9200 1130
9300 1130
9400 1130
9500 1130
9600 1130
9700 1130
9800 1130
9900 1130
